% Definition of the regions
CHANNELS_CENTRAL = [1:29];
CHANNELS_ANTERIOR = [30:32 48:52 69:74 92:94];
CHANNELS_LEFT_LAT = [33:37 53:57 75:80 95:100 113:118 131:136];
CHANNELS_POSTERIOR = [38:42 58:63 81:85 101:106 119:124 137:142];
CHANNELS_RIGHT_LAT = [43:47 64:68 86:91 107:112 125:130 143:148];
